[17.58088612809547,78.12098354196537],
[17.580888822613716,78.12098409287934],
[17.580897413439335,78.12098592939101],
[17.580912343023876,78.12098912098989],
[17.580935792902448,78.12099423798512],
[17.580965059821683,78.12100048984291],
[17.580996903762124,78.12100707714643],
[17.581027504018017,78.12101298078535],
[17.581054959808213,78.12101739486523],
[17.58107385631152,78.12102013843892],
[17.58108973550597,78.12102169032555],
[17.581103925670558,78.12102316335911],
[17.58111983894077,78.12102424407567],
[17.5811453598998,78.12102509945406],
[17.581176561674447,78.12102514657859],
[17.58120961050543,78.12102476480324],
[17.58124205676555,78.12102434585614],
[17.581273420374263,78.12102388293741],
[17.581304447528524,78.12102325415046],
[17.581337326592006,78.12102254248775],
[17.58137269784607,78.12102197086224],
[17.58140746778107,78.12102199993808],
[17.5814412036984,78.12102342098657],
[17.581474338763392,78.12102660608339],
[17.58150885511051,78.12103208093761],
[17.581545982010436,78.1210394343325],
[17.58158409032305,78.12104708191636],
[17.581622770282387,78.12105436448701],
[17.581661757321864,78.12106126282734],
[17.581700178605256,78.12106758395677],
[17.581737664380306,78.12107285713167],
[17.581774543621073,78.12107544391978],
[17.58181105483828,78.12107668699734],
[17.58184701612356,78.1210770400497],
[17.581882543394613,78.12107705946472],
[17.581917701324272,78.12107681108556],
[17.581952652786363,78.12107680680518],
[17.581988252423145,78.12107655767922],
[17.58202608493428,78.12107625502004],
[17.582065848444522,78.1210761710794],
[17.582107290395378,78.12107618817575],
[17.58214956857026,78.12107637281231],
[17.582191907385567,78.12107598111191],
[17.582234219418794,78.12107532661878],
[17.582276517762217,78.12107409638884],
[17.582318828609832,78.12107180428113],
[17.582360977396085,78.12106733945434],
[17.582402783158535,78.12105982682688],
[17.582444141061742,78.12104961679934],
[17.58248436983003,78.12103572580206],
[17.58252340067965,78.12101773853759],
[17.58256166434185,78.12099600168332],
[17.582600052105338,78.12097286189146],
[17.58263865469501,78.1209493671651],
[17.58267669219075,78.12092606274126],
[17.582714158244876,78.12090307377646],
[17.582751213960528,78.12088036095375],
[17.58278783106096,78.12085748685624],
[17.582823962568394,78.12083508567173],
[17.58285952398032,78.12081315029971],
[17.58289458843363,78.12079177714149],
[17.58292898561887,78.12077061944981],
[17.582962884713297,78.12074978668305],
[17.582996787345216,78.12072860788913],
[17.58303541729088,78.12070450581842],
[17.58307198492041,78.12068182141417],
[17.583109820555897,78.12065820747696],
[17.583148402776416,78.12063421071714],
[17.583187038337986,78.12061009375293],
[17.583225771998627,78.12058612504656],
[17.583264668065265,78.12056219845302],
[17.583303249204448,78.12053836168835],
[17.58334133434497,78.12051484927377],
[17.583379079914273,78.12049135563467],
[17.583416794841185,78.12046809731244],
[17.58345451332734,78.12044477811806],
[17.583492210988386,78.12042160964339],
[17.583529893272026,78.12039905141299],
[17.58356750230585,78.12037734813421],
[17.58360536189168,78.12035752726058],
[17.583643873845897,78.12034067121606],
[17.583683243335095,78.12032727991631],
[17.583723359455117,78.12031692727938],
[17.583764194757205,78.12030970303759],
[17.583805579917968,78.1203055814922],
[17.583847459677134,78.12030336289592],
[17.58388979647322,78.12030175559758],
[17.583932870908694,78.1203005703747],
[17.583976785776695,78.12029984408736],
[17.58402139460755,78.1202996018928],
[17.584066146304515,78.12029946304101],
[17.584110627065407,78.12029906847927],
[17.584154865519228,78.12029849795881],
[17.58419881884947,78.12029786405213],
[17.584242649407077,78.12029725752627],
[17.58428628613816,78.12029679962754],
[17.584329756906026,78.12029669540718],
[17.584372878857856,78.12029648036598],
[17.584415572415917,78.1202960982668],
[17.584457245378882,78.12029544419114],
[17.584497669454482,78.1202946674291],
[17.5845342760992,78.12029411742209],
[17.584564753175997,78.12029340559396],
[17.584588979119758,78.12029311740525],
[17.584606550010516,78.12029289901157],
[17.584621726917206,78.12029273667518],
[17.584634972716117,78.12029259236965],
[17.584650311911837,78.12029232503531],
[17.584673470814913,78.1202920361684],
[17.58470385940321,78.12029154670148],
[17.584738959312002,78.12029120527359],
[17.584778833838257,78.12029108659279],
[17.584822430963403,78.12029088914711],
[17.584868857525638,78.12029071887075],
[17.58491742392926,78.12029030775825],
[17.584967647018583,78.12028980921305],
[17.58502490692099,78.12028907763879],
[17.585078126752155,78.12028842939283],
[17.585130719412383,78.12028755117538],
[17.58518254200137,78.12028635884722],
[17.585233689129225,78.12028480564233],
[17.58528402193872,78.12028303722876],
[17.585333443559907,78.12028055931962],
[17.585381689809058,78.12027551553061],
[17.585428929682575,78.12026778497967],
[17.585474850357762,78.12025875924277],
[17.585519686906476,78.12024943324984],
[17.585563379227555,78.12024038622299],
[17.585605411387895,78.12023187346706],
[17.585647619741394,78.12022528548596],
[17.585692092672044,78.12022072290229],
[17.58573763668094,78.12021804430418],
[17.585782064693852,78.12021661865607],
[17.585825368241544,78.12021572271014],
[17.585867862750394,78.12021511289315],
[17.58590959537483,78.12021462560305],
[17.585950985675883,78.12021397313816],
[17.585993760346433,78.12021338682148],
[17.586037537798106,78.12021270322761],
[17.586080492194842,78.12021212554252],
[17.586122768211254,78.12021154042235],
[17.58616443471217,78.12021092431208],
[17.586205708198733,78.12021036363382],
[17.586247785555333,78.12020994565664],
[17.5862907072171,78.12020950988946],
[17.58633415598145,78.1202092157851],
[17.58637829568469,78.1202087994667],
[17.586423288873426,78.1202086261354],
[17.586468237583773,78.1202088586998],
[17.586511588819093,78.12020993710901],
[17.586553510129374,78.12021178161265],
[17.58659383667146,78.12021565980787],
[17.586634843728493,78.12022172622073],
[17.586677716721958,78.12022929645879],
[17.58672079021863,78.12023763102005],
[17.586762411871906,78.12024547876597],
[17.58680192705759,78.12025278073203],
[17.58683952096887,78.12025870899468],
[17.586876700236115,78.12026277058274],
[17.58691619950354,78.12026405356006],
[17.586955817905565,78.12026379748501],
[17.58699449269965,78.12026318944399],
[17.58703432388501,78.12026295560197],
[17.58707395962493,78.1202636597035],
[17.587112876633846,78.12026588553734],
[17.587151064054883,78.12027047615372],
[17.58718921440365,78.12027814434995],
[17.587227046609456,78.12028940009971],
[17.587264230935066,78.12030485904342],
[17.587300534467936,78.12032427806233],
[17.5873389870148,78.12034992223077],
[17.587372149001563,78.1203764020977],
[17.58740305762603,78.12040571780129],
[17.587431223579696,78.12043827590207],
[17.58745631231529,78.12047417391047],
[17.58747856677961,78.12051010070894],
[17.587498904021285,78.12054469318339],
[17.587517740526863,78.12057791466987],
[17.5875363147181,78.12061119404358],
[17.587554294890854,78.1206433010041],
[17.587571144720123,78.12067347780258],
[17.5875867323936,78.12070120134624],
[17.587600328448787,78.12072502777272],
[17.587612525125156,78.12074520680999],
[17.587624912628456,78.12076420812338],
[17.58763839666677,78.12078327013239],
[17.587653684130476,78.1208025943279],
[17.58767209004882,78.12082349533479],
[17.58769281742828,78.12084448991511],
[17.587715532038647,78.12086474363377],
[17.587740009312895,78.12088463327247],
[17.58776476774585,78.12090325049965],
[17.587788465356,78.1209211786206],
[17.587811530333116,78.12093940744688],
[17.587833688117005,78.12095807158147],
[17.5878534257436,78.12097734859067],
[17.587869775304604,78.12099795510908],
[17.587884058007873,78.12102043277352],
[17.587896392405337,78.12104647034569],
[17.58790624982934,78.12107714895055],
[17.587913188199813,78.12110954347322],
[17.58791801897174,78.1211400535914],
[17.58792196374314,78.1211674192214],
[17.58792538877268,78.12119333500334],
[17.58792930115218,78.1212202386497],
[17.587933248817706,78.1212490634937],
[17.587937580690596,78.12128010386618],
[17.587944478355237,78.12131170562802],
[17.58795635153534,78.12134166771321],
[17.587971217070145,78.1213707644781],
[17.587986268230445,78.12139816383032],
[17.588001409591662,78.12142456592608],
[17.58801861972191,78.12145490675132],
[17.58803740784532,78.12148832044652],
[17.588057602647467,78.12152372346213],
[17.588078886289992,78.12156140943472],
[17.588103667411563,78.12160559674409],
[17.588126802347016,78.12164747514777],
[17.588150526444313,78.12169047769459],
[17.588175039331123,78.12173445094102],
[17.588200727945445,78.12177939066235],
[17.588227273346153,78.12182508335792],
[17.58825428781686,78.12187166533565],
[17.588281559810238,78.12191927748138],
[17.588309284236658,78.12196841407469],
[17.588337515409144,78.12201852369905],
[17.588366183549628,78.12206971980554],
[17.58839546400208,78.12212178960507],
[17.588424895576203,78.1221744638227],
[17.588454553839505,78.12222706034696],
[17.588483889135738,78.12227872370917],
[17.58851294439824,78.12232937979546],
[17.588541864684263,78.12237922475508],
[17.588570458328814,78.12242889542458],
[17.5885987013378,78.12247825069329],
[17.58862642670539,78.1225268288589],
[17.58865252152271,78.12257269088192],
[17.588676016475528,78.1226135599273],
[17.588696566948258,78.12265051935542],
[17.588716153019448,78.12268482657004],
[17.58873610688599,78.12272050943683],
[17.588758189270752,78.12276042730262],
[17.588781030668795,78.12280093352074],
[17.588803848777633,78.12284128553645],
[17.588826301279653,78.12288095187996],
[17.58884849148437,78.1229203092694],
[17.5888707380259,78.12295973505199],
[17.58889439191484,78.12300104379997],
[17.588919317328482,78.12304413347549],
[17.5889448513394,78.12308847808801],
[17.588971067300694,78.12313397986313],
[17.588997860184584,78.12318098479317],
[17.58902489903808,78.12322914770965],
[17.589052409651323,78.12327825954178],
[17.58908040151521,78.12332827927257],
[17.589109046421342,78.12337935827183],
[17.589138303037387,78.12343165785528],
[17.58916754084609,78.12348339116123],
[17.589195338396,78.12353201380965],
[17.58922213367273,78.12357894157289],
[17.58924845667907,78.12362440734115],
[17.589275256565735,78.12366848702877],
[17.58930438258401,78.12371022783543],
[17.58933450642158,78.12374766380532],
[17.589363499803415,78.12378188830857],
[17.58939158981077,78.1238150674563],
[17.589419278099008,78.12384864513518],
[17.589447390376495,78.12388315831824],
[17.58947860680502,78.1239224412076],
[17.589505949227167,78.1239621211359],
[17.58953263362062,78.12400527822832],
[17.589559695028047,78.12404970884839],
[17.589585946782552,78.1240940740099],
[17.58961136841462,78.12413800341669],
[17.589636067042296,78.12418149842588],
[17.589660500696,78.12422444084802],
[17.58968453349921,78.12426666623107],
[17.589708003755817,78.12430841264404],
[17.589730991705803,78.12434954764358],
[17.589753771824032,78.12438976435828],
[17.589776177795475,78.12442915634546],
[17.58979814745066,78.12446790113725],
[17.589819665354646,78.12450595573199],
[17.58984089760455,78.12454326646615],
[17.589861459421382,78.1245797392318],
[17.589881492907356,78.12461503418058],
[17.58990118103724,78.12464902269619],
[17.589920110918825,78.1246807952385],
[17.589936529075143,78.12470732347431],
[17.589951036180743,78.12472943978341],
[17.589966900409127,78.12475125351834],
[17.589990739073805,78.12477982217803],
[17.59001945459567,78.12480894124134],
[17.5900510743575,78.12483587764312],
[17.59008989076617,78.12486225999572],
[17.59012838288489,78.12488237080977],
[17.59016961122377,78.12489807720988],
[17.590212638773146,78.12490866945669],
[17.590256318632733,78.12491478742436],
[17.590299606235632,78.12491662766163],
[17.59034204714435,78.12491724549014],
[17.590384038249407,78.12491710370273],
[17.59042551366148,78.12491669907418],
[17.590466059079603,78.12491620181676],
[17.59050572979145,78.1249158223068],
[17.5905444635938,78.12491557472951],
[17.590582109729326,78.12491538389493],
[17.590618575296187,78.12491523046151],
[17.5906535805618,78.12491513496312],
[17.59068704446596,78.12491504358047],
[17.590718864206227,78.12491507877081],
[17.59074940291755,78.12491521448591],
[17.59077879250178,78.12491627842523],
[17.590808852624267,78.12491862810091],
[17.590843882840343,78.12492284235572],
[17.59088540545841,78.12492944387708],
[17.590928156201322,78.12493768394724],
[17.590971848870748,78.1249468898701],
[17.591015052763247,78.12495622498209],
[17.591056910454416,78.12496490136552],
[17.591097730977058,78.12497307166532],
[17.59113830252543,78.1249812584012],
[17.59117940120518,78.12498950834336],
[17.591220508954788,78.12499772353759],
[17.591261530825992,78.12500498594733],
[17.59130269529812,78.12500873518174],
[17.591343719846876,78.12501028079127],
[17.591384367865846,78.12501095336363],
[17.591424509945842,78.12501113149521],
[17.591464383216806,78.12501113984064],
[17.591503735879964,78.12501064198581],
[17.591542668647165,78.12500992233352],
[17.59158111666248,78.1250094661032],
[17.591619496396387,78.12500934038258],
[17.591658030766137,78.12500918583225],
[17.59169651185361,78.12500943803464],
[17.59173513885368,78.12500983676115],
[17.59177432543915,78.12500981884648],
[17.591813969362295,78.12500975588019],
[17.59185335926692,78.1250092618467],
[17.59189359144636,78.12500827565279],
[17.591936812589744,78.12500683775336],
[17.591981469913478,78.12500560458264],
[17.592030683859335,78.12500464945576],
[17.592075086353763,78.12500409739086],
[17.592119110543592,78.1250034949418],
[17.59216272428699,78.12500291461893],
[17.592206162206683,78.125002367365],
[17.592249224225196,78.12500197651792],
[17.592291732924217,78.1250014539464],
[17.592333728841016,78.12500113112428],
[17.59237516260477,78.12500083011298],
[17.592415916191346,78.12500051118901],
[17.59245620071903,78.12500017302433],
[17.592496060649214,78.12499989998835],
[17.592535526332703,78.12499973915868],
[17.59257442377496,78.1249995597675],
[17.59261247318567,78.12499939649956],
[17.59264990192809,78.1249992116337],
[17.59268647234194,78.12499884743379],
[17.592722192362128,78.12499858697139],
[17.592757175876937,78.12499785435499],
[17.592791816826754,78.12499718796384],
[17.59282619453461,78.124996481791],
[17.59286004437927,78.12499574296082],
[17.592893527848112,78.12499497215947],
[17.59292635588538,78.12499423497403],
[17.59295389782556,78.12499372797822],
[17.592975372358172,78.12499333036104],
[17.592992614651784,78.12499316954701],
[17.593008434456074,78.12499309242449],
[17.593025866610784,78.12499353007794],
[17.59304833503505,78.12499430497981],
[17.593077469303804,78.1249973221516],
[17.59311013729635,78.12500752535898],
[17.593143314153586,78.12502682239227],
[17.593174201607177,78.12505228705142],
[17.593202780475277,78.12507967229813],
[17.593230334073024,78.1251074601532],
[17.593257172869627,78.1251351909472],
[17.59328382235451,78.12516209532166],
[17.59331012752801,78.12518824788553],
[17.593336086066802,78.125213640734],
[17.593363317570827,78.1252388512191],
[17.593397981576498,78.12525966216135],
[17.593440603739218,78.12526928381493],
[17.593484779845088,78.12526945317876],
[17.593528763027738,78.12526917716828],
[17.59357224556809,78.12526935712901],
[17.593615243587465,78.12526936586531],
[17.593657775485028,78.12526913967258],
[17.593700020430724,78.12526877702139],
[17.593741628977728,78.1252683213766],
[17.59378264096216,78.12526786239658],
[17.593822950517392,78.12526740980745],
[17.593862344124656,78.12526671404952],
[17.593900772330908,78.12526602040592],
[17.593938101546645,78.1252655317585],
[17.593974226716522,78.12526488725126],
[17.594009242716833,78.12526409184326],
[17.594043653595083,78.12526350311309],
[17.594080900067002,78.12526282883736],
[17.594111752552358,78.12526210904258],
[17.59415145428676,78.12526095589662],
[17.594190863272434,78.12525987932285],
[17.59423353253369,78.12525880189598],
[17.594278182284317,78.12525764015076],
[17.594324308339427,78.12525666840074],
[17.594371188029736,78.12525599825477],
[17.594417959391865,78.12525568889123],
[17.59446471385347,78.12525547789653],
[17.594511340602857,78.1252552075145],
[17.59455713150363,78.12525461214518],
[17.59460211124666,78.12525384553048],
[17.594646127815633,78.12525301649328],
[17.594689175727797,78.12525212388248],
[17.59473554987247,78.12525140935026],
[17.594776913203457,78.12525102690789],
[17.594817986111188,78.12525074090985],
[17.594858708467253,78.12525026674994],
[17.594899635656354,78.1252498873827],
[17.594941388623656,78.12524955551137],
[17.59498423229834,78.12524928720629],
[17.595027987233713,78.12524890694932],
[17.59507222995378,78.12524856206466],
[17.595116949696372,78.12524785165965],
[17.59516252804365,78.12524743924301],
[17.595208775206547,78.1252469115517],
[17.59525543399571,78.12524639057077],
[17.595302703446922,78.12524586944518],
[17.59535039013394,78.12524517089119],
[17.595397940505286,78.12524435013762],
[17.595444788794588,78.12524352036685],
[17.595490682896116,78.12524278272817],
[17.59553580624338,78.12524252229989],
[17.5955796880178,78.12524206723455],
[17.595622391931368,78.12524128586188],
[17.595663813626185,78.12524065301405],
[17.595703807640664,78.1252399931214],
[17.59574252036168,78.12523946419914],
[17.59577976378015,78.12523898914941],
[17.595815512326368,78.12523853099322],
[17.595850036092543,78.12523826563954],
[17.595884512213193,78.12523807783637],
[17.59591944101066,78.12523801455137],
[17.595954913144716,78.1252380023284],
[17.595991133595394,78.12523803461721],
[17.59602795154465,78.1252379603156],
[17.59606537559439,78.12523789126966],
[17.596103265465416,78.12523775470927],
[17.59614063377494,78.12523754357669],
[17.596176776624425,78.12523725104671],
[17.596210141856147,78.12523675017992],
[17.59624051406005,78.12523582561258],
[17.596268637220774,78.12523336428949],
[17.59629807267709,78.12522716122194],
[17.596326447326664,78.12521600350922],
[17.59635105494284,78.12520071020762],
[17.59637237778486,78.12518387743727],
[17.59639513672395,78.12516474669961],
[17.59641649759406,78.12514657348393],
[17.59643983996226,78.12512822277007],
[17.59646481379614,78.12511146368382],
[17.5964905344697,78.12509683719331],
[17.596517711520733,78.12508526339204],
[17.596546042822837,78.12507825934219],
[17.596574936324384,78.12507635259233],
[17.59660506015261,78.1250802185808],
[17.5966352151503,78.12509087583214],
[17.596663204436595,78.12510829709535],
[17.596687859998372,78.12513248229388],
[17.59670658782868,78.12516320979823],
[17.596718894161615,78.12519732283333],
[17.59672416244868,78.12523249310327],
[17.59672251207419,78.12526737553225],
[17.59671548398794,78.12530000074807],
[17.596703842774478,78.12532990433974],
[17.596688687183047,78.12535710070877],
[17.59667224107506,78.12538248813422],
[17.59665559646906,78.12540651401838],
[17.59663868086453,78.12542937467882],
[17.59662182260555,78.1254525917014],
[17.596605061219716,78.12547856542643],
[17.596591020591763,78.12551059006526],
[17.596586017581906,78.12555280140752],
[17.596584932976377,78.12559328115559],
[17.596584718639008,78.12563564025851],
[17.59658499950383,78.12567869457511],
[17.596585659976412,78.12572175264603],
[17.59658613661086,78.12576419301487],
[17.59658638391396,78.12580612750004],
[17.596586252381577,78.12584774908697],
[17.596586145093365,78.12589024891167],
[17.59658618451682,78.12593464003649],
[17.596586443673868,78.1259809045505],
[17.59658684705853,78.12602857200828],
[17.596587135761204,78.12607706413037],
[17.596587438460165,78.12612632482315],
[17.5965880852279,78.12617542888606],
[17.596588628217543,78.1262220693624],
[17.596589261880403,78.12626649794133],
[17.596589851815367,78.12630910268217],
[17.596590717943094,78.12635044281353],
[17.596591379098335,78.12639054715115],
[17.5965919331913,78.12643083210278],
[17.596592416437286,78.12647237077684],
[17.596592668543114,78.1265121150048],
[17.596593033371967,78.12654909137999],
[17.59659333933448,78.12658423747175],
[17.596593553114793,78.12662108619962],
[17.596593939936472,78.12665981117726],
[17.596594403698194,78.12670091609084],
[17.59659488752306,78.12674464805335],
[17.59659541287471,78.12679051442996],
[17.596595785402577,78.12683787824521],
[17.596596267121445,78.12688657960774],
[17.59659678759486,78.12693641854246],
[17.596597224162828,78.12698701088613],
[17.5965977993691,78.12704285507091],
[17.596598226114708,78.12709381755815],
[17.59659862351717,78.12714487970571],
[17.596599102096846,78.12719372923182],
[17.596599496171933,78.12723392619834],
[17.596599788104545,78.12726523530705],
[17.596600122877994,78.12729467364842],
[17.5966006650627,78.12732765538954],
[17.59660178744522,78.12736476778443],
[17.596612337098797,78.12740448451476],
[17.596642181104052,78.12743009092698],
[17.596679840516057,78.12743623888807],
[17.596715695535092,78.12743688584557],
[17.596750214808832,78.12743663993477],
[17.59678278231031,78.12743624394822],
[17.596814238324594,78.12743579903672],
[17.59684531477393,78.127435463176],
[17.59688050915636,78.12743524933983],
[17.596920978414882,78.12743529957113],
[17.596964763236844,78.12743511158736],
[17.597010837072773,78.12743482555035],
[17.597057765536686,78.12743457532746],
[17.597105324083717,78.12743436231865],
[17.597153718747617,78.1274341415119],
[17.597203079298126,78.12743389281604],
[17.597253461101882,78.1274335234316],
[17.597304709577802,78.12743288072414],
[17.597356715217828,78.12743274531938],
[17.597409777217187,78.12743172775733],
[17.59746353450531,78.12743117868017],
[17.59751763408641,78.12743046443182],
[17.597571670116015,78.12743001135755],
[17.59762547186749,78.12742944735922],
[17.597679200945272,78.12742855497994],
[17.59773334318778,78.12742751990194],
[17.597787709539215,78.127426611469],
[17.597839587598887,78.12742612368686],
[17.597884442053918,78.12742535952383],
[17.597921045658676,78.12742499474363],
[17.597953846880166,78.1274244991146],
[17.597990207151017,78.12741947044101],
[17.598022853934037,78.1273951448467],
[17.598037906862345,78.12735643890117],
[17.598042090216683,78.12731704806193],
[17.59804253089334,78.12727936052006],
[17.59804266086104,78.12724432528992],
[17.598042541899076,78.12721046908781],
[17.5980422422706,78.12717844692541],
[17.598041965533305,78.1271463133159],
[17.598041827708727,78.12710893541255],
[17.598041709474458,78.1270683529732],
[17.598041267099834,78.1270287855117],
[17.59804098921651,78.12699035379421],
[17.598041057382282,78.12695230384176],
[17.598045550816114,78.12691177456482],
[17.598065597038815,78.12687830215654],
[17.598095818346135,78.12685881713452],
[17.598123490591465,78.12684946851182],
[17.598146619877106,78.1268455135377],
[17.598167812375397,78.12684293307582],
[17.59819033196331,78.12684098720372],
[17.598219998023456,78.12683972779509],
[17.598260093434615,78.12683918734176],
[17.598302376243456,78.12683808059691],
[17.598345052340957,78.12683687973086],
[17.5983909807076,78.12683590865186],
[17.598439849669596,78.12683514705833],
[17.598490278078522,78.12683419146546],
[17.598542148699185,78.1268332174607],
[17.598595504014256,78.12683225223817],
[17.598650444547772,78.12683163724267],
[17.59870681051213,78.1268313232391],
[17.59876324418738,78.12683102398378],
[17.598819412356463,78.126830782188],
[17.598875671566734,78.1268302855438],
[17.5989315390833,78.12682968933005],
[17.598987133359707,78.12682893312916],
[17.59904235244748,78.12682832065715],
[17.599097087280462,78.12682775018003],
[17.599149149124887,78.12682740970719],
[17.599197265184312,78.12682715323095],
[17.599241330535158,78.12682694436444],
[17.599282859481054,78.1268269600117],
[17.599322966266786,78.12682688842656],
[17.59936173499432,78.12682658893661],
[17.599399352739184,78.12682621007303],
[17.599438109949784,78.12682557093764],
[17.59948044421025,78.12682468033148],
[17.599527385313767,78.1268237568299],
[17.599578698868058,78.12682286803845],
[17.599632886071483,78.12682174957747],
[17.59968862720717,78.12682056351832],
[17.59974485496088,78.12681932188087],
[17.599801550597487,78.12681851473111],
[17.599858595548415,78.12681805588943],
[17.599916101444084,78.12681743870392],
[17.599974159796815,78.1268166520083],
[17.600032829171845,78.12681585698812],
[17.60009204666384,78.12681544024372],
[17.600150969893097,78.12681461034433],
[17.600206536438353,78.1268136064601],
[17.600258839214884,78.12681245449365],
[17.60031030199836,78.12681144420266],
[17.60036106389825,78.1268107847173],
[17.600411402652874,78.12681018306411],
[17.60046131688433,78.12680970240946],
[17.600510919153844,78.12680922097555],
[17.600560133811538,78.12680860000461],
[17.60061369912235,78.12680811273226],
[17.600661751627875,78.12680777308618],
[17.600709086094366,78.126807455254],
[17.60075572778099,78.12680708270868],
[17.600801811351577,78.12680714092647],
[17.600846902840477,78.12680708676942],
[17.60088912296396,78.12680672453004],
[17.600927193793616,78.12680598318403],
[17.600963984095394,78.12680449288185],
[17.601000654841922,78.12679840686599],
[17.601034859100622,78.12677789177158],
[17.60105264081187,78.12674224184917],
[17.60105688308113,78.1267016061922],
[17.601059109170382,78.12666614841766],
[17.60107299860726,78.12663494007738],
[17.601103447343935,78.1266156384642],
[17.60113263813846,78.1266108099729],
[17.601155504087703,78.12660868580025],
[17.601176980883793,78.12660687760567],
[17.601203262481462,78.12660535930037],
[17.601229852024165,78.12660434666854],
[17.601253925219254,78.12660404890644],
[17.601275780567686,78.12660361694294],
[17.601298959751254,78.12660318330323],
[17.601323445034357,78.12660301428744],
[17.60135051640571,78.1266028876973],
[17.601379696250135,78.12660272385702],
[17.601410860657133,78.12660239960331],
[17.60144338574793,78.12660222124724],
[17.601477540751784,78.12660189811042],
[17.601513330557644,78.1266014214169],
[17.601551901758242,78.12660090899797],
[17.601592250905277,78.12660003892766],
[17.60163398980015,78.12659921132168],
[17.60167549267157,78.12659849121762],
[17.601714913134074,78.12659766950495],
[17.601752091345464,78.12659709177355],
[17.60178729288105,78.12659636267061],
[17.60182122040822,78.12659575478048],
[17.601854564670347,78.12659531327583],
[17.60188765142803,78.1265948284578],
[17.601920152243434,78.12659417353791],
[17.601950634282495,78.12660049608805],
[17.60197468819159,78.12662521225235],
[17.60198104972999,78.1266604194929],
[17.601982393740865,78.12668799890614],
[17.60198308363921,78.12671384752313],
[17.60198382195237,78.12673823204736],
[17.60198462738952,78.12676219657585],
[17.601985568693436,78.12678959937907],
[17.601986552398976,78.12681590489699],
[17.601987322414935,78.12683440699561],
[17.6019878041973,78.12684543220946],
[17.60198780701503,78.12684572789718],
