[17.601830450991105,78.1268273343733],
[17.60183309945415,78.12682723517611],
[17.60184076451289,78.12682690677973],
[17.601853933347684,78.1268261767103],
[17.601874859792538,78.1268249968418],
[17.60189865536589,78.12682333360705],
[17.60192374344965,78.12681710581084],
[17.60194356308497,78.1267972946098],
[17.601948827787183,78.12677117067442],
[17.60194922968046,78.12674609447335],
[17.601948695726932,78.12672335067245],
[17.60194841728257,78.12670278765238],
[17.601948197261105,78.12668209501128],
[17.601947386333787,78.12665478681221],
[17.601937510483538,78.12662390382178],
[17.601915046883228,78.12660440294047],
[17.60188760459206,78.12659917264502],
[17.601860480436894,78.12659806637897],
[17.601835089228054,78.12659767614463],
[17.601811621090995,78.12659765588958],
[17.60178949353928,78.12659789256715],
[17.60176822898385,78.12659817733154],
[17.6017469485208,78.12659831311713],
[17.60172665911477,78.12659871349311],
[17.601705575621732,78.12659908399836],
[17.601683111842405,78.12659944555676],
[17.601660350266744,78.12659969201944],
[17.601638214947613,78.1266000244417],
[17.60161667285185,78.12660023596],
[17.601595162350105,78.12660044673709],
[17.60157336464557,78.12660072487392],
[17.60155183527264,78.12660097785579],
[17.601531209847813,78.1266011448294],
[17.601511800342884,78.12660133683448],
[17.601493437515252,78.12660154612287],
[17.601476119563724,78.1266018058159],
[17.60145962327399,78.12660207169688],
[17.601443995149673,78.12660227504271],
[17.60142960674578,78.12660229729791],
[17.60141562553369,78.12660259203238],
[17.60140227878306,78.1266027856447],
[17.601388636453326,78.12660304988576],
[17.601374892979425,78.12660333286583],
[17.601361212734908,78.12660358230303],
[17.601347604169796,78.12660376945826],
[17.601332462173332,78.12660391167964],
[17.601318744148635,78.12660402510326],
[17.601307190584304,78.12660414920454],
[17.601297426864942,78.12660421885019],
[17.601286557097016,78.12660427869818],
[17.60127690451863,78.126604289632],
[17.601269658302254,78.12660423819632],
[17.601262985726745,78.12660417866626],
[17.60125901805623,78.12660423582028],
[17.601258597220976,78.12660423005154],
[17.601258596696685,78.12660424554545],
[17.60125856820849,78.12660420723059],
[17.601258595404182,78.12660421339729],
[17.60125858104627,78.126604206539],
[17.601258575761488,78.12660420773841],
[17.601258576865806,78.12660421598352],
[17.601258582639492,78.12660422381201],
[17.601258574753373,78.12660421420257],
[17.601258564316833,78.12660421529564],
[17.60125860637271,78.12660425957424],
[17.6012585818186,78.12660421771047],
[17.601258587959673,78.1266042149696],
[17.60125859273439,78.126604223218],
[17.601258577163517,78.12660423557539],
[17.601258591404964,78.12660424455323],
[17.601258357677377,78.12660425390257],
[17.601255596956157,78.12660427225738],
[17.601248462588817,78.12660421598318],
[17.601238782839143,78.12660413077731],
[17.601226871173015,78.12660419115933],
[17.601211630087555,78.12660431730745],
[17.601197693378552,78.12660451624457],
[17.60118726572485,78.12660468485623],
[17.60117475324879,78.12660511157797],
[17.6011570086751,78.12660608938877],
[17.601127449569027,78.12661173025205],
[17.601101902862837,78.12662874057445],
[17.601087962445707,78.12665252167204],
[17.60107956040595,78.12667844658883],
[17.601072829209663,78.12670596089255],
[17.601066495158282,78.12673127776108],
[17.601057025229743,78.1267601414534],
[17.601034306766262,78.12679223106299],
[17.600995684669726,78.12681218831213],
[17.600948867525872,78.12682171699197],
[17.60090229835455,78.12682635794913],
[17.6008610095671,78.12682886170771],
[17.60082259081254,78.12683008759055],
[17.600786392369958,78.12683062400474],
[17.600749611462998,78.12683114913004],
[17.60071177797722,78.1268317761599],
[17.60067605261427,78.1268323251433],
[17.60064291446304,78.12683286211856],
[17.60061241643551,78.12683346025511],
[17.600583727799116,78.12683384706581],
[17.600553775120066,78.12683437863555],
[17.60052023490191,78.12683506087454],
[17.60048001049499,78.12683586642605],
[17.600441826169803,78.12683643100557],
[17.6004021396344,78.12683698771366],
[17.60036075824655,78.12683760296474],
[17.600318588200224,78.12683806105127],
[17.600277652111114,78.1268384596846],
[17.600238358888983,78.12683902729619],
[17.600200475479095,78.1268394566018],
[17.60016357089793,78.12683983977129],
[17.600127012734525,78.12684036365008],
[17.600090420191524,78.12684118416671],
[17.600054478778013,78.12684191672572],
[17.600018644176618,78.12684271712715],
[17.59998126138173,78.12684347746634],
[17.599941869670428,78.12684437147519],
[17.59990171398083,78.12684523265625],
[17.599861691990284,78.12684594178612],
[17.59982145069249,78.12684645325201],
[17.599780942347007,78.12684678466569],
[17.599739680855752,78.12684708230917],
[17.599697392145423,78.12684728446344],
[17.599654184296543,78.1268472922158],
[17.599610250453814,78.1268472814859],
[17.599565407867967,78.12684706872184],
[17.599521068276413,78.12684696796288],
[17.599477829035212,78.12684723074767],
[17.599436209682874,78.12684750015578],
[17.5993963027506,78.12684776216643],
[17.599358091206394,78.12684839683334],
[17.599321260556685,78.12684923560352],
[17.59928575482652,78.12685003506482],
[17.599251759767466,78.1268506087267],
[17.59921767006351,78.12685129244494],
[17.59918082361333,78.12685183567768],
[17.59914054304737,78.12685222717094],
[17.599100199287452,78.1268526691134],
[17.5990614448737,78.12685316949288],
[17.599024278778042,78.12685361905419],
[17.598988244139125,78.12685399826456],
[17.598951774933063,78.12685439829927],
[17.598914097347105,78.12685469953524],
[17.598874856944388,78.12685513742339],
[17.59883454775697,78.12685572103192],
[17.598793412554947,78.1268563801689],
[17.59875251065787,78.12685695048289],
[17.598713148890308,78.12685745840938],
[17.598675197219055,78.12685792358491],
[17.598638244503423,78.12685829821028],
[17.598601666423203,78.12685854442846],
[17.598565021758397,78.12685880852088],
[17.59852728223184,78.1268588605106],
[17.598483027521453,78.1268590063702],
[17.598439914636845,78.12685928764878],
[17.598395273213313,78.12685982053763],
[17.59835216711397,78.12686052999413],
[17.59831069789858,78.12686132203437],
[17.598270942821937,78.12686189579274],
[17.59823287965501,78.12686230431623],
[17.59819954667636,78.12686275332501],
[17.598176044339116,78.12686321844323],
[17.59815608644693,78.12686356688178],
[17.598135945166224,78.12686430254091],
[17.59810755795977,78.12687079768943],
[17.598082015322582,78.12689215399004],
[17.598072881988745,78.1269254328826],
[17.59807136310826,78.12695969204151],
[17.598071083771156,78.12699019684344],
[17.598070917802637,78.12701725094213],
[17.59807082053725,78.12704239556336],
[17.598070908411565,78.12706698938064],
[17.598071010402194,78.12708990499335],
[17.598071166935924,78.12711310218567],
[17.598071320444962,78.12713772736736],
[17.59807144811962,78.12716571118206],
[17.598071834973524,78.12719616371054],
[17.598072187888143,78.12722711527151],
[17.59807254968467,78.12725652667018],
[17.59807280207153,78.12728582783802],
[17.598072735131765,78.12731599056792],
[17.59807159514062,78.12734560012053],
[17.598065210810084,78.12738373567952],
[17.59804289560435,78.1274158851744],
[17.598008849582637,78.12743289981195],
[17.597973330977087,78.12744240181266],
[17.597939291564145,78.12744617750383],
[17.59790665193978,78.12744849738934],
[17.597876296723907,78.12745028180737],
[17.59784561538058,78.12745180134924],
[17.5978129460189,78.12745304534714],
[17.597777581245765,78.12745386185068],
[17.597741984611787,78.12745419358991],
[17.597707571675258,78.12745447711139],
[17.597672795674765,78.12745480628827],
[17.597635065287655,78.12745534815433],
[17.59759566978512,78.12745561739963],
[17.597556064632798,78.12745620148137],
[17.597515918977965,78.12745678139365],
[17.597475411937257,78.12745706394162],
[17.597434379723314,78.12745725327362],
[17.597393505836443,78.1274576385996],
[17.597353888914576,78.12745820515849],
[17.597315463588107,78.1274586584606],
[17.597278157111944,78.12745910410027],
[17.59724071767863,78.12745956161251],
[17.597202071395436,78.1274600002169],
[17.597163591017008,78.1274604689906],
[17.597126340560838,78.12746083594165],
[17.59708991218222,78.12746143700157],
[17.597053538318878,78.12746209392569],
[17.597016839152072,78.12746284114436],
[17.596980762640225,78.1274634791497],
[17.596946232781832,78.12746396186091],
[17.596912809030947,78.1274641846871],
[17.596880284665616,78.12746430751127],
[17.596848624459962,78.12746436746357],
[17.596817693869827,78.12746422322337],
[17.596787604325378,78.12746416752785],
[17.596759930082776,78.12746421892854],
[17.596734338469833,78.12746427917334],
[17.59671128241282,78.12746431982076],
[17.5966864158541,78.12746422104546],
[17.596653836350637,78.12746029151273],
[17.59662263782575,78.12744364978093],
[17.596604330726496,78.12741165272311],
[17.596599095576423,78.12737349683066],
[17.59659830800058,78.12733703333097],
[17.59659836074378,78.12730367650813],
[17.59659859358534,78.12727355163165],
[17.596598935897454,78.12724502219976],
[17.596599240136364,78.12721928790792],
[17.596599194041765,78.12719484854983],
[17.59659883171098,78.12716866691864],
[17.596598369142306,78.12714170732873],
[17.596597642106094,78.1271170392648],
[17.596597014894062,78.12709364638711],
[17.5965962922057,78.12706494906084],
[17.59659565672871,78.12702954490447],
[17.596595203349345,78.12699091463179],
[17.596594808276148,78.12694487617182],
[17.596594434577888,78.1269052005654],
[17.596593916047613,78.12685469911612],
[17.5965932265225,78.12680988312621],
[17.596592690992207,78.12676691790993],
[17.59659202114097,78.12672484736866],
[17.59659195587713,78.12668449805534],
[17.596591888747906,78.12664615481788],
[17.596591895156042,78.12660936536253],
[17.596591684192344,78.12657460779886],
[17.59659122810333,78.12654089254772],
[17.596590818799974,78.12650855491617],
[17.596585527435117,78.12647424030745],
[17.59656582603115,78.12643891624708],
[17.596529357471844,78.1264185682804],
[17.59648880162091,78.12640753328942],
[17.596448523931688,78.1263985939608],
[17.596409503688697,78.12638879794677],
[17.596372083064015,78.12637898660923],
[17.59633598760306,78.12636989734608],
[17.596301481362126,78.1263612469583],
[17.596268642117053,78.12635350171227],
[17.596236712443343,78.12634519823055],
[17.596205257462994,78.12633664759304],
[17.596174165227332,78.1263282673647],
[17.596142904608023,78.12631995147262],
[17.59610853062231,78.12631087570055],
[17.59607080192292,78.12630134993779],
[17.596031919956868,78.12629144070182],
[17.595992365464518,78.12628164343184],
[17.595952307638285,78.12627178611751],
[17.5959116796116,78.12626265185938],
[17.595870639512295,78.12625312424137],
[17.59582933947639,78.12624332038342],
[17.595787943069375,78.12623303495883],
[17.595747173073168,78.1262226460935],
[17.595707862243206,78.12621273346946],
[17.595669648984305,78.12620308142768],
[17.59563253824828,78.1261937207949],
[17.595596710935105,78.12618483119103],
[17.595562224656003,78.12617626947016],
[17.595529207883608,78.12616843740898],
[17.59549744002571,78.12616076431976],
[17.59546704644156,78.12615340534295],
[17.59543819865697,78.12614641564136],
[17.595411071070163,78.12613966743406],
[17.595385693866938,78.12613339634177],
[17.595362133623446,78.12612756491272],
[17.595340418724035,78.12612224168767],
[17.59532073926474,78.12611732356551],
[17.595301195573363,78.12611241672234],
[17.595285223784348,78.12610840114968],
[17.59527081837369,78.12610472994271],
[17.595257597127645,78.12610146838968],
[17.595244939803703,78.12609829679644],
[17.595232168225884,78.12609512345254],
[17.59521971501645,78.12609210517982],
[17.595208336294238,78.12608931678211],
[17.595199115584787,78.12608699440968],
[17.595190169295122,78.12608467886696],
[17.59518204880922,78.12608267921581],
[17.595175396352058,78.12608096233686],
[17.595168157595165,78.12607910476146],
[17.595158903543677,78.12607678973278],
[17.59514631502793,78.12607368724552],
[17.595127356472723,78.12606934687244],
[17.59510381546154,78.1260640576041],
[17.59507567973852,78.12605769421364],
[17.595039339356802,78.12605096220368],
[17.594995772691107,78.1260476922258],
[17.59494905202818,78.1260479291275],
[17.59490172806777,78.1260486210685],
[17.59485520205727,78.12604981115719],
[17.59480985676727,78.1260505776255],
[17.594765683542683,78.12605118866524],
[17.59472257712971,78.12605175727292],
[17.59468049294847,78.126052488271],
[17.594639516617494,78.12605306776099],
[17.594599850961664,78.12605322795096],
[17.594561216160674,78.12605338086671],
[17.59452295477205,78.12605332482663],
[17.59448357104363,78.12605333542136],
[17.594440469712847,78.12605349710248],
[17.594395209080055,78.126053667179],
[17.594349270885154,78.12605374009202],
[17.594302770399494,78.12605386351946],
[17.594255536130564,78.12605416758075],
[17.594207896365294,78.1260545765479],
[17.594160011796948,78.12605581991377],
[17.594111962701483,78.12605717099518],
[17.594063639757774,78.12605846815025],
[17.594015075472555,78.12605942801372],
[17.59396651309829,78.12606008443247],
[17.593917853551986,78.12606059604828],
[17.59386918080344,78.12606115763097],
[17.5938206688075,78.12606143269016],
[17.593772296141466,78.12606179172833],
[17.593724240101103,78.12606237543383],
[17.593676352345433,78.12606323099897],
[17.59362893714946,78.12606410062845],
[17.59358186378193,78.12606490840557],
[17.59353525523771,78.12606550591626],
[17.59348915722279,78.12606600148939],
[17.593438995291724,78.12606657541504],
[17.5933934013101,78.12606705428044],
[17.593347641602776,78.12606752781441],
[17.593302008699833,78.12606790524187],
[17.59325649542266,78.12606822989179],
[17.59321086882565,78.12606856466547],
[17.59316511417263,78.12606892710133],
[17.59311919776567,78.12606942771819],
[17.59307320643783,78.12607013230293],
[17.59302720226932,78.12607102831866],
[17.59298133752967,78.12607181534108],
[17.59293560401082,78.1260725327138],
[17.592889815158685,78.12607335444808],
[17.592844188240377,78.12607405338831],
[17.592798520808262,78.12607453002938],
[17.59275284124526,78.12607496218858],
[17.59270720845396,78.12607531005574],
[17.592661498584977,78.12607555024513],
[17.59261542230878,78.12607594696271],
[17.592569529658704,78.126076418812],
[17.592524061535062,78.12607701582826],
[17.592479023069334,78.12607754508262],
[17.592434568560627,78.12607862448213],
[17.592390597722734,78.12607934341791],
[17.59234807284272,78.12607980653684],
[17.592307312443836,78.12608005548036],
[17.59226825405163,78.12608024857693],
[17.592231367036415,78.12608053088921],
[17.592196222611623,78.12608090053384],
[17.592162677466487,78.12608129283089],
[17.592129995190106,78.12608156340792],
[17.592096565565054,78.12608179251865],
[17.592061165743342,78.12608220442891],
[17.59202238169673,78.12608320173749],
[17.591980019489526,78.1260869926424],
[17.59193362198858,78.12609700149589],
[17.59188799015963,78.12610919631938],
[17.591844043749457,78.12612148696344],
[17.591801646341814,78.12613327115331],
[17.591760994796164,78.12614448899161],
[17.59172210102057,78.12615503577054],
[17.591684910555248,78.126164958011],
[17.591649602971238,78.12617423250653],
[17.591616133607925,78.12618312196693],
[17.59158416956264,78.1261916372407],
[17.59155332386285,78.12619994803177],
[17.59151868324074,78.12620929286606],
[17.591477778834076,78.12622033180428],
[17.591434018927128,78.1262324874822],
[17.591390204459326,78.12624474545343],
[17.591347411296898,78.12625655016684],
[17.591306581140117,78.12626778795216],
[17.591267457460614,78.12627840592121],
[17.59122654602009,78.12628964270235],
[17.591191108853046,78.12629960179459],
[17.591157646048924,78.12630907414191],
[17.59112616130041,78.12631789088988],
[17.591096802088966,78.1263264272374],
[17.591069653082005,78.12633426346733],
[17.591044562249007,78.12634143964168],
[17.59102176663771,78.12634783451905],
[17.59100193933518,78.12635314718862],
[17.590979186110157,78.1263593615295],
[17.590947544895663,78.1263675686379],
[17.5909080948114,78.12637156851429],
[17.59086927510597,78.12635681517101],
[17.59084397145187,78.12632498274584],
[17.59082944894242,78.1262884386495],
[17.59082124792611,78.12625243751111],
[17.590818570443773,78.12621626131664],
[17.59081691019553,78.12618173140649],
[17.590815428136633,78.12614741309568],
[17.590814426620906,78.12611311381261],
[17.59081380943918,78.12608149423495],
[17.590813277051943,78.12605147217342],
[17.590812809754155,78.12601916414485],
[17.59081215080602,78.12598424540592],
[17.590811621374844,78.1259477743928],
[17.590811014600046,78.12591008264599],
[17.590810428261463,78.12587126178566],
[17.59080988766197,78.12583130308879],
[17.590809415111565,78.1257905193748],
[17.590809039141387,78.12574901646292],
[17.59080879266296,78.12570689645099],
[17.59080831755735,78.12566393768378],
[17.590807656339184,78.12562165405517],
[17.590807292865644,78.12558125839351],
[17.59080701945574,78.12554307262846],
[17.590806765062574,78.12550680178005],
[17.590806512275748,78.12547174674582],
[17.590806492987657,78.12543722818091],
[17.59080646810111,78.1254039569649],
[17.590806243363975,78.12537166507042],
[17.590806049283106,78.12533982771576],
[17.590805807227667,78.1253081980967],
[17.59080538865822,78.12527681834098],
[17.590804499854265,78.12524530929028],
[17.590801348553946,78.12521088766653],
[17.590785086557936,78.12517888386824],
[17.59075445506348,78.1251594481868],
[17.59072001579841,78.12515388764197],
[17.590686610965438,78.12515309319343],
[17.590655475388154,78.12515268655523],
[17.590624149845954,78.12515295126862],
[17.59059770411807,78.12515334258579],
[17.59057229701022,78.1251540050927],
[17.590545348011567,78.12515471322178],
[17.59051423576314,78.1251554646207],
[17.590483241626867,78.12515599195406],
[17.590452810564425,78.12515636544597],
[17.590422941459295,78.125156875489],
[17.59039372286904,78.12515712984059],
[17.59036695717589,78.12515724794295],
[17.590343071734864,78.12515744724301],
[17.59032188936945,78.12515730278756],
[17.590303328689195,78.12515718198944],
[17.590287454410486,78.12515690611022],
[17.590269846305674,78.12515652431497],
[17.59024618261328,78.12515510252705],
[17.590216494423924,78.12515161772798],
[17.59018468121303,78.12514625967913],
[17.59015139344992,78.12513890552003],
[17.59011613575381,78.12512914594268],
[17.590080007909027,78.12511695799246],
[17.590043827453915,78.12510258608347],
[17.590008196443353,78.12508605054938],
[17.58997402093543,78.12506747594139],
[17.589941511916994,78.12504680267803],
[17.589910509866677,78.12502443582918],
[17.589878181400884,78.12499791911604],
[17.589850338256706,78.12497220775305],
[17.58982416090944,78.12494509573611],
[17.58979947952498,78.12491641366984],
[17.58977611098414,78.12488562644994],
[17.589754155820717,78.12485348646032],
[17.5897336976472,78.12482045401987],
[17.58971424303204,78.12478699198884],
[17.589695108777484,78.1247535619007],
[17.589675965604144,78.12472029217582],
[17.58965682433381,78.12468703006837],
[17.58963768844622,78.12465385785626],
[17.589618709715907,78.12462106945091],
[17.589599859949946,78.1245878483599],
[17.58958050114596,78.12455340937537],
[17.589560115736603,78.12451750479373],
[17.589538821974752,78.12448009607387],
[17.58951669046029,78.12444117333092],
[17.58949409923984,78.12440091727159],
[17.58947098038175,78.12435957123391],
[17.58944720081789,78.12431736524708],
[17.589423330838894,78.12427505144827],
[17.589399570838996,78.12423270430531],
[17.589376249582866,78.12419037032114],
[17.58935361740469,78.12414839308167],
[17.589333342528995,78.12410887450027],
[17.58931609418092,78.12406965828363],
[17.58930093676241,78.12402864374356],
[17.589286985706565,78.12398795336641],
[17.58927332627765,78.12394720850388],
[17.58925934957062,78.12390608526182],
[17.589244803324462,78.12386499012881],
[17.58922956147237,78.12382421510678],
[17.589213586314806,78.12378415901634],
[17.58919505974406,78.1237454656516],
[17.589173682640922,78.12370803349044],
[17.58915193822666,78.12367005898783],
[17.589129923869823,78.12363191506401],
[17.58910799289934,78.12359372972567],
[17.58908592088928,78.12355556117876],
[17.589063704371863,78.1235174532446],
[17.58904149930942,78.12347929881514],
[17.58901928491245,78.1234408630475],
[17.588997075030168,78.12340209700614],
[17.588974690039795,78.12336290439579],
[17.58895203055439,78.12332297311819],
[17.588928976588637,78.12328211916594],
[17.58890533518457,78.12324013824181],
[17.588881094029905,78.123197053535],
[17.58885626684085,78.12315277015688],
[17.58883091706508,78.12310759672988],
[17.58880488584426,78.12306155901791],
[17.58877569044092,78.12301015476372],
[17.588749108425002,78.1229635304888],
[17.588722880969193,78.12291748840833],
[17.58869682140753,78.12287140183196],
[17.588671307426928,78.12282594564907],
[17.588646450032805,78.12278167250905],
[17.58862277591658,78.12273945537137],
[17.588600225702095,78.12269936011963],
[17.588577553789477,78.1226591700743],
[17.588554746490203,78.1226191953232],
[17.58853185411277,78.12257929898726],
[17.588508985598782,78.12253949993942],
[17.58848605438616,78.12249980680038],
[17.58846312220339,78.12246029492762],
[17.588440461015935,78.12242072292635],
[17.58841785515891,78.12238124819791],
[17.588395237953684,78.12234210847848],
[17.588372595112688,78.12230304886054],
[17.588350450894236,78.12226396037373],
[17.588328615914232,78.1222246842935],
[17.588306971466164,78.12218551269238],
[17.588285304258715,78.12214658703387],
[17.58826360843138,78.12210785918458],
[17.58824204834838,78.12206924320618],
[17.58822048303753,78.12203073287256],
[17.58819887201919,78.12199231571992],
[17.588177268877708,78.12195397698643],
[17.588155661505617,78.12191579094034],
[17.588134292445915,78.12187766292988],
[17.58811291681886,78.12183961662423],
[17.588091444796422,78.12180164790196],
[17.588067800408595,78.1217600006327],
[17.58804627159855,78.12172245471909],
[17.588024902077457,78.12168511847138],
[17.588003699616525,78.12164793712215],
[17.58798279737965,78.1216108875345],
[17.58796203551963,78.12157406267191],
[17.587941301134588,78.12153750257711],
[17.587921049176973,78.12150208285382],
[17.587903328561588,78.12147202029396],
[17.58788821562009,78.12144698962884],
[17.58787358518391,78.12142395401287],
[17.58785695530196,78.12140117450834],
[17.587837782248613,78.12137729806972],
[17.587817636658546,78.12135467329199],
[17.58779654778356,78.1213335396532],
[17.58777353015271,78.12131264929572],
[17.58774866925273,78.12129275471602],
[17.587723686324832,78.1212727650272],
[17.587697638896824,78.12125198462779],
[17.58767175436227,78.12122980842112],
[17.587648399495638,78.12120487574526],
[17.58762837700504,78.12117705493498],
[17.58761301793469,78.12114637070026],
[17.587602575516474,78.1211135323299],
[17.58759713866591,78.12107907280966],
[17.587593410631857,78.12104484276898],
[17.587589543847972,78.12101130666765],
[17.58758408973013,78.12097837674096],
[17.58757759777784,78.12094317302146],
[17.587568261227062,78.12090753048984],
[17.5875564810524,78.12087085057283],
[17.58754064687338,78.12083691165003],
[17.587523618508218,78.12080590563433],
[17.58750644820139,78.12077562671372],
[17.587489490679154,78.12074582272082],
[17.587471781554903,78.12071454794533],
[17.587453206876223,78.12068168530463],
[17.587433586285673,78.12064717115251],
[17.587413071726065,78.12061113100133],
[17.587391558793193,78.12057402936898],
[17.587368447234038,78.12053681719745],
[17.58734218508806,78.12049999728993],
[17.58731242960251,78.12046484370569],
[17.58727746277037,78.12043407327526],
[17.587237765462064,78.12040927646765],
[17.587194032139834,78.12039152478856],
[17.58714769423211,78.12038009547557],
[17.58709964041635,78.12037517783564],
[17.587051113118033,78.12037476756565],
[17.5870018086192,78.12037574780581],
[17.586951926007735,78.1203779847362],
[17.586901795326607,78.12038153904538],
[17.586851397545235,78.12038860909105],
[17.586795843698827,78.12039925036812],
[17.586745037801194,78.12040911010051],
[17.586695251412266,78.1204185814695],
[17.586646672546443,78.12042817761463],
[17.586599951532452,78.12043626971013],
[17.58655368871841,78.12044063634197],
[17.586507561137292,78.12044248991235],
[17.586462885618225,78.12044343162994],
[17.58641964199705,78.12044392691203],
[17.586377657214705,78.12044364376459],
[17.586336813207343,78.12044332802358],
[17.58629679071096,78.1204434271985],
[17.586257683144964,78.12044421447867],
[17.586219151725416,78.1204454392238],
[17.5861805264535,78.1204466786882],
[17.58614109082765,78.1204477512452],
[17.58610035652703,78.12044839807652],
[17.586056779854676,78.1204490048408],
[17.586010276410107,78.12044969045512],
[17.585964941247845,78.1204503742518],
[17.585923007530965,78.12045106733468],
[17.58588251917394,78.12045133611974],
[17.585843535114222,78.12045144849611],
[17.585806191588173,78.12045106503454],
[17.58577048821103,78.1204502940382],
[17.58573635164549,78.12044938293803],
[17.585703469377364,78.12044802619948],
[17.585670787038787,78.12044562582487],
[17.585638882058372,78.12044177051577],
[17.585607632414487,78.12043660059625],
[17.58557695452642,78.12043053255854],
[17.58554677302435,78.12042390863925],
[17.585517389287798,78.12041741823887],
[17.585489686225028,78.12041171329214],
[17.585464017137465,78.12040730336604],
[17.585439520209086,78.1204035179342],
[17.585413645260076,78.12039960620127],
[17.58538149799738,78.12039675174685],
[17.585340383074705,78.12039614186018],
[17.58529864651323,78.12039691520752],
[17.585257892641835,78.12039747487437],
[17.585218261333388,78.12039747128156],
[17.585180707616452,78.12039801942834],
[17.58514530906063,78.12039836486561],
[17.585112236152803,78.12039857189777],
[17.58508149243311,78.12039878179202],
[17.585052355044382,78.12039912489627],
[17.585024017673643,78.12039953835462],
[17.584996031561584,78.12040010497357],
[17.584968793562453,78.1204004372928],
[17.584943179598316,78.12040075936298],
[17.584917712143206,78.12040103825433],
[17.58489701795037,78.12040128164399],
[17.584878615989716,78.1204014232549],
[17.584862277011023,78.12040165828948],
[17.584847696807998,78.12040148185882],
[17.584834676800735,78.12040156018864],
[17.584822470216643,78.12040148831012],
[17.584810846934058,78.12040155215416],
[17.5847983225965,78.12040161916234],
[17.584779642574908,78.12040188587699],
[17.58475227045065,78.12040212806724],
[17.584721387092593,78.12040235246796],
[17.584687813841274,78.12040281739661],
[17.584654011563593,78.12040344748927],
[17.584621781328526,78.12040419659328],
[17.584590942230182,78.12040501262723],
[17.584560646395182,78.12040589460676],
[17.584529535532234,78.12040636299454],
[17.584497829668155,78.12040663028579],
[17.58446539845454,78.12040693023934],
[17.58443196984942,78.12040704635346],
[17.584397538950746,78.12040710066277],
[17.584362473838834,78.12040731031477],
[17.584327211310793,78.12040760438254],
[17.584291986076764,78.12040794225413],
[17.584257243322966,78.12040823121694],
[17.58422229006737,78.12040846737744],
[17.584186258729932,78.12040881180141],
[17.58414897125632,78.12040928435637],
[17.58411027071295,78.12040979077247],
[17.584071340012983,78.12041055310392],
[17.58403363595227,78.12041127364024],
[17.583995929184848,78.12041170859133],
[17.583958767771744,78.12041221541124],
[17.583922564242943,78.1204128405898],
[17.583887330354894,78.12041342124837],
[17.58385305231975,78.12041440946301],
[17.583819640686222,78.12041616121203],
[17.58378688485068,78.12041940562294],
[17.58375376465913,78.12042481590147],
[17.583719330460564,78.12043310179472],
[17.58368456789212,78.12044500698423],
[17.583650324614094,78.12046119807852],
[17.583616565425306,78.12048033566258],
[17.58358283068469,78.1204998729788],
[17.583549781265038,78.12051944227863],
[17.583516324190487,78.1205397473536],
[17.583481498338838,78.12056098468163],
[17.58344550712197,78.12058278471547],
[17.583408551211466,78.12060518129407],
[17.583371017712565,78.12062810411815],
[17.58333303637991,78.12065123133131],
[17.583294688242052,78.12067470882695],
[17.583256139301543,78.12069875358287],
[17.583217247585594,78.12072340318608],
[17.583177613496172,78.12074861514631],
[17.583137489395327,78.12077340062535],
[17.583097823920237,78.12079761018194],
[17.58305866776044,78.12082180301836],
[17.58301975438045,78.1208457983661],
[17.582977393790454,78.12087174389364],
[17.58293923743172,78.12089518840772],
[17.58290127399601,78.12091883530837],
[17.58286745163334,78.12094033238795],
[17.582827190360753,78.12096592581834],
[17.582792210687117,78.12098767380665],
[17.582758823535414,78.12100818920355],
[17.582727001416057,78.12102789043008],
[17.58269562726855,78.12104739603326],
[17.582663087569184,78.12106725837356],
[17.582628280851623,78.12108769047619],
[17.582592073688044,78.12110760830575],
[17.582555333022704,78.12112557865485],
[17.582518052237535,78.12114069154056],
[17.58248015879821,78.12115327353611],
[17.582441762318872,78.12116384217383],
[17.58240283981061,78.12117194543451],
[17.582363323547053,78.12117719779442],
[17.582323410238654,78.1211805188644],
[17.582282769975787,78.12118269981256],
[17.582240774299983,78.12118421486078],
[17.5821928221113,78.12118530009838],
[17.582147755631244,78.12118598002161],
[17.582101686633667,78.12118668600444],
[17.58205499974412,78.12118776043712],
[17.582008628498865,78.12118851721284],
[17.581963623252673,78.12118933396174],
[17.581920477237777,78.12119000469816],
[17.581879141974905,78.12119082372175],
[17.581839107628667,78.12119173439731],
[17.581800386415562,78.12119349332202],
[17.58176259282102,78.12119683063146],
[17.58172585831612,78.12120176908695],
[17.5816900710098,78.12120805794116],
[17.58165566004414,78.12121460312025],
[17.581622582826245,78.12122132633763],
[17.581590557650372,78.12122799298717],
[17.58155808445843,78.12123500079622],
[17.581523940244114,78.12124236289014],
[17.581487582708156,78.12124880902665],
[17.581449236797855,78.12125265634329],
[17.58141074882153,78.12125422212516],
[17.5813734202723,78.12125542507131],
[17.58133689980192,78.12125690402752],
[17.581300550074566,78.12125824029599],
[17.5812655292786,78.12125961171192],
[17.581229400988246,78.1212612197934],
[17.581199057067245,78.12126254797735],
[17.581171934834774,78.1212640285586],
[17.581147496184517,78.12126534911391],
[17.581124423388715,78.12126692312589],